 1,  -2.3892, -0.0945
 2,  -3.0517,  0.3674
 3,  -3.3949, -0.0763
 4,   0.4722,  0.6211
 5,  -3.0805,  0.2119
 6,  -3.4716,  0.2696
 7,  -5.9979,  0.6647
 8,  -4.7284, -0.0719
 9,  -3.6534,  0.1972
 10,  -4.8377,  0.4621
 11,  -5.7198,  0.5251
 12,  -5.5173, -0.1228
 13,  -3.5423, -0.9134
 14,  -2.8031, -0.2242
 15,  -2.3541, -0.5117
 16,  -2.9688,  1.7465
 17,  -1.1257,  0.3131
 18,  -1.5272, -1.8376
 19,  -2.0019, -0.4412
 20,  -2.8843,  0.8653
 21,  -2.1544,  0.2899
 22,  -1.1062,  0.0395
 23,  -1.2686, -0.1535
 24,   0.7165, -1.8048
 25,  -0.8085, -1.1467
 26,  -0.5836, -0.0703
 27,   0.5101,  0.2814
 28,   0.5720,  0.1911
 29,   1.7534, -0.2609
 30,   1.8545, -1.7113
 31,   2.5987, -0.3342
 32,   0.5988, -1.4794
 33,  -0.2067, -1.1138
 34,  -0.7021,  0.2471
 35,  -0.4931,  0.6929
 36,  -1.8346, -1.3012
 37,   0.3326,  0.6968
 38,   0.5826,  1.7216
 39,  -0.1127, -0.9896
 40,   0.0336, -0.3212
 41,  -0.4837, -0.9020
 42,  -2.0742, -1.5677
 43,   0.7507, -1.2460
 44,  -0.7697,  0.4549
 45,   1.2034, -0.1425
 46,   1.8951,  1.1466
 47,  -0.0634, -0.6229
 48,  -1.0389, -1.3811
 49,  -0.9833, -0.7215
 50,  -1.3866,  0.6002
 51,  -0.0927, -2.5044
 52,  -0.4481, -0.7033
 53,  -2.8950,  1.3534
 54,   1.5538, -0.8258
 55,  -0.3608, -0.8371
 56,  -0.9620,  0.6681
 57,  -1.8466,  0.3825
 58,  -1.8329, -0.3415
 59,  -0.6644, -2.2508
 60,   0.1133, -0.7218
 61,   0.1012,  0.9505
 62,   0.3160, -2.1909
 63,  -1.4448,  0.1745
 64,  -1.2604,  2.2360
 65,  -0.0615, -0.4640
 66,  -0.3429, -0.9690
 67,  -0.0265, -0.5910
 68,  -0.8823, -0.2184
 69,  -1.9779,  0.9460
 70,  -1.6111,  0.5234
 71,  -1.0960, -0.9011
 72,   2.0666, -1.3800
 73,  -2.5821,  1.5334
 74,   0.0213,  0.3706
 75,  -1.8289,  2.1015
 76,  -1.1638,  0.3649
 77,  -1.1761, -1.0785
 78,  -3.4328,  0.3637
 79,  -1.0728,  2.1376
 80,  -2.2150,  1.1079
 81,  -0.5528, -0.7725
 82,   1.0088, -0.1245
 83,  -4.2038, -0.5324
 84,   0.8021, -2.3137
 85,  -3.7124,  0.3191
 86,   0.5655, -0.9402
 87,  -1.5571, -0.9231
 88,  -0.7529,  0.8875
 89,   0.0667, -0.4087
 90,   0.4181,  0.5306
 91,   2.7405, -0.3271
 92,  -0.0088, -0.9258
 93,  -0.7868,  0.1189
 94,  -0.8248, -1.0893
 95,   2.3631,  0.4523
 96,  -0.8530,  0.6483
 97,   1.3354,  1.9084
 98,  -1.9885,  0.2481
 99,   4.6063, -0.7795
 100,  -0.8324, -1.7421
 101,   1.6072,  0.2600
 102,  -1.6047, -0.7597
 103,   0.0518, -0.7397
 104,  -0.9250,  1.6836
 105,  -3.5579,  0.2084
 106,   2.7671, -1.6581
 107,   0.1657,  0.6397
 108,  -0.2939,  1.6861
 109,   0.6189, -0.4597
 110,  -0.5058, -1.5746
 111,   2.5548,  1.2869
 112,  -0.0622,  0.7273
 113,   2.2401,  0.9704
 114,   0.3732, -0.8790
 115,   1.2446, -0.3058
 116,   0.9085,  0.9697
 117,   0.0546, -0.9943
 118,   1.4431,  1.5867
 119,  -0.1873, -0.8785
 120,  -1.2443,  1.6240
 121,   3.4316,  1.1703
 122,  -1.1982, -0.4015
 123,   2.3276,  0.4151
 124,   2.6914,  0.0998
 125,   1.3688,  0.5181
 126,   1.8343, -0.6334
 127,   2.1412, -0.3496
 128,   2.8020,  1.9495
 129,   1.6503,  0.5436
 130,  -0.4092,  0.0525
 131,   0.7727,  0.0193
 132,   0.5341,  0.3903
 133,   2.4920, -0.2269
 134,   0.5776, -0.2429
 135,   3.2226,  1.1538
 136,   0.0308,  1.8077
 137,   0.7989,  1.3030
 138,  -0.6858,  1.2173
 139,  -1.0216,  1.0517
 140,   0.9888,  0.8624
 141,  -1.5893,  1.2194
 142,   0.0975,  1.8624
 143,  -1.8915,  1.9902
 144,  -0.8968, -0.1440
 145,   1.2197, -0.3315
 146,  -0.6977, -0.5886
 147,  -0.7052, -0.8352
 148,  -1.7621,  0.0589
 149,  -1.9284, -1.8817
 150,  -1.3201,  0.0204
 151,  -2.2008, -1.3681
 152,  -2.1579,  0.5115
 153,  -0.2879,  1.2163
 154,  -4.4432,  1.4858
 155,  -1.6132,  0.9878
 156,   0.5296, -0.6040
 157,   0.5546, -1.3196
 158,  -0.2496,  0.5791
 159,  -0.3620,  1.8815
 160,  -1.5591, -2.0483
 161,   0.7422,  2.2570
 162,  -2.3293,  0.9925
 163,  -2.5811,  0.9333
 164,  -0.3414, -0.3130
 165,   0.8242, -0.7673
 166,   2.8176, -0.3630
 167,   1.9371,  0.1162
 168,  -0.0673,  0.0177
 169,   0.3112,  0.3276
 170,  -2.2223,  0.9617
 171,   1.1295, -2.5296
 172,  -1.0713,  1.3074
 173,  -1.9791,  0.5961
 174,  -0.7297, -0.4505
 175,  -1.2861,  0.5687
 176,  -1.5340, -0.3504
 177,   0.5669,  2.5147
 178,   0.1590,  2.7236
 179,  -0.4704,  0.7745
 180,   0.8774,  1.6297
 181,   0.8799, -0.2037
 182,  -0.5469, -0.8586
 183,   0.0822,  1.2305
 184,   0.2641, -1.1416
 185,   1.4643, -1.2842
 186,   0.6217,  0.3263
 187,  -2.0105, -0.7433
 188,   0.5932, -1.5970
 189,   0.4991, -1.5077
 190,   2.5319,  0.5400
 191,   1.6315, -0.3710
 192,  -1.7803, -1.5136
 193,   0.2389,  1.0502
 194,   0.4061, -1.1822
 195,  -1.4374, -1.3156
 196,   2.8024,  0.3762
 197,  -1.7717,  1.8989
 198,   1.4234, -1.2557
 199,   1.4189, -1.3444
 200,   1.6567, -3.1765
 201,  -0.4602, -1.9087
 202,   0.7247, -0.0510
 203,   1.4678, -1.3720
 204,   0.6104, -0.5123
 205,  -0.0876,  2.4248
 206,   2.5556, -0.9737
 207,  -0.6607,  0.6282
 208,   0.2435, -1.0791
 209,  -0.2311, -1.8427
 210,  -1.1433, -0.9528
 211,  -0.1489, -1.0443
 212,  -1.2324,  2.8991
 213,   0.1102,  0.2802
 214,   0.0156, -0.2744
 215,   1.7585,  1.2676
 216,   1.2662, -0.0237
 217,  -1.1885,  0.7532
 218,   1.7062,  1.0944
 219,  -0.4034, -0.0885
 220,   0.5724, -0.2665
 221,   1.7822,  0.4311
 222,   0.5327,  0.2732
 223,   1.7330, -0.1117
 224,  -1.6587,  1.1852
 225,  -0.4237,  1.0144
 226,  -0.1177, -0.3252
 227,   1.3175, -0.4150
 228,   0.7059, -0.1350
 229,   1.3917,  0.6330
 230,   1.8648, -2.9292
 231,   0.9118, -0.7187
 232,  -0.0609,  0.2117
 233,   2.5370, -1.1802
 234,  -0.2489, -0.7677
 235,  -0.1347, -1.1946
 236,   1.4802,  1.0123
 237,  -0.7515, -1.1664
 238,   0.6617, -1.3026
 239,   2.5343,  1.4724
 240,  -1.2550,  0.6236
 241,   1.4297,  0.2453
 242,   0.5599, -0.6148
 243,   0.3811, -0.2117
 244,  -1.2446,  0.5378
 245,   1.8533, -0.8337
 246,  -0.0176,  0.3342
 247,   1.4454,  0.9837
 248,  -0.1447, -0.8820
 249,  -0.4898, -1.7688
 250,  -2.7972, -3.5566